CAMERA
RESO 640 480
EYEP 0 0 10
VDIR 0 0 -1
UVEC 0 1 0
FOVY 45

LIGHT
LPOS 2 1 0
LCOL 1 1 1

ROPE rope1
DIM 6 6 6
SCALE 4 4 4
RGB 0.2 0.6 1

grid
0 1 1 1 0 0
0 1 0 0 0 0
0 0 0 0 0 0
0 0 0 0 0 0
0 0 0 0 0 0
0 0 0 0 0 0

0 0 0 1 1 0
0 1 0 0 0 0
1 1 0 0 0 0
0 0 0 0 0 0
0 0 0 0 0 0
0 0 0 0 0 0

0 0 0 0 1 0
0 0 0 0 1 1
1 0 0 0 0 0
1 0 0 0 0 0
0 0 0 0 0 0
0 0 0 0 0 0

0 0 0 0 0 0
0 0 0 0 0 1
0 0 0 0 0 0
1 1 0 0 0 0
0 1 0 0 0 0
0 0 0 0 0 0

0 0 0 0 0 0
0 0 0 0 0 1
0 0 0 0 0 1
0 0 0 0 1 1
0 1 0 0 0 0
0 0 0 0 0 0

0 0 0 0 0 0
0 0 0 0 0 0
0 0 0 0 0 0
0 0 0 0 1 0
0 1 0 1 1 0
0 1 1 1 0 0